best P@5 for test: 	0.201315789474	test: 0	0.22514619883	0.201315789474	0.2	0.249804722302	0.229508117692	0.230472206491
train: 0	0.35881104034	0.315498938429	0.294055201699	0.376578002407	0.341926710524	0.320459814655
best P@5 for test: 	0.226315789474	test: 1	0.269736842105	0.226315789474	0.200657894737	0.284499020158	0.252538763589	0.233787856012
train: 1	0.357749469214	0.323779193206	0.294585987261	0.375635066385	0.348208075492	0.321360445054
best P@5 for test: 	0.234649122807	test: 2	0.269736842105	0.234649122807	0.197587719298	0.284437506865	0.258277210035	0.232455198732
train: 2	0.339702760085	0.325477707006	0.297346072187	0.362931661381	0.346834475978	0.321863573499
best P@5 for test: 	0.240350877193	test: 3	0.256578947368	0.240350877193	0.199561403509	0.273731273597	0.260625221941	0.232142567413
train: 3	0.35881104034	0.336942675159	0.282590233546	0.376578002407	0.357059952934	0.313245754169
test: 4	0.244152046784	0.212280701754	0.18048245614	0.265276738059	0.239343223175	0.21607803513
train: 4	0.339702760085	0.328450106157	0.26847133758	0.362931661381	0.34923675331	0.300836341726
test: 5	0.254385964912	0.235964912281	0.191228070175	0.273780093021	0.257784343347	0.226313367729
train: 5	0.330502476999	0.319957537155	0.294798301486	0.354759549189	0.340518034403	0.317228579543
test: 6	0.255116959064	0.216666666667	0.195175438596	0.274098397305	0.243659178985	0.227865368363
train: 6	0.340410474168	0.315074309979	0.284288747346	0.360233778023	0.336929149655	0.310124953351
test: 7	0.255847953216	0.235087719298	0.200219298246	0.272941370809	0.256411750318	0.234692224532
train: 7	0.368011323425	0.339278131635	0.296921443737	0.383054248096	0.359314641948	0.326046404529
test: 8	0.24634502924	0.226754385965	0.207675438596	0.26916174683	0.251088813414	0.237974596686
train: 8	0.35279547063	0.330997876858	0.302335456476	0.372800113516	0.351898083522	0.326663190309
test: 9	0.268274853801	0.235526315789	0.196052631579	0.282306947699	0.258453305518	0.230003215688
train: 9	0.363411181883	0.331634819533	0.290552016985	0.377924581843	0.352636039642	0.318310421121
best P@5 for test: 	0.258333333333	test: 10	0.292397660819	0.258333333333	0.223684210526	0.305693619278	0.281061681268	0.259104126171
train: 10	0.357749469214	0.344373673036	0.334819532909	0.378700671219	0.36418662591	0.352527418166
best P@5 for test: 	0.26798245614	test: 11	0.300438596491	0.26798245614	0.229824561404	0.313296738734	0.290373547825	0.26516869742
train: 11	0.421797593772	0.384713375796	0.327282377919	0.426957728435	0.400085414986	0.356841708991
test: 12	0.269005847953	0.257456140351	0.229166666667	0.289039189287	0.277564037481	0.260720780631
train: 12	0.380750176929	0.357112526539	0.342462845011	0.395312416384	0.375385509005	0.360506045667
best P@5 for test: 	0.274561403509	test: 13	0.302631578947	0.274561403509	0.240570175439	0.318888617595	0.298056968215	0.27811152529
train: 13	0.422505307856	0.3983014862	0.353397027601	0.427847254989	0.40998975852	0.376795736105
best P@5 for test: 	0.287719298246	test: 14	0.322368421053	0.287719298246	0.237719298246	0.335409215153	0.310961410383	0.279700929463
train: 14	0.440552016985	0.409766454352	0.366029723992	0.445852370817	0.423420384737	0.390964653597
best P@5 for test: 	0.289473684211	test: 15	0.319444444444	0.289473684211	0.249561403509	0.336005241873	0.313926347965	0.291182978707
train: 15	0.416843595188	0.396602972399	0.37101910828	0.43025540555	0.412613885525	0.391928582813
test: 16	0.332602339181	0.28201754386	0.255043859649	0.353553809215	0.316457111623	0.300180396026
train: 16	0.43949044586	0.41932059448	0.374840764331	0.452755892251	0.435473533794	0.401667775837
best P@5 for test: 	0.310964912281	test: 17	0.34649122807	0.310964912281	0.258114035088	0.353824444303	0.331279734613	0.301797417045
train: 17	0.46178343949	0.434394904459	0.38864118896	0.467380617799	0.447102505503	0.41478937626
test: 18	0.321637426901	0.289912280702	0.256359649123	0.340129232879	0.317750432665	0.298831138515
train: 18	0.457537154989	0.426539278132	0.387791932059	0.463519542304	0.440986161573	0.411927802787
test: 19	0.336988304094	0.305263157895	0.259868421053	0.35024016605	0.329183216288	0.306299135792
train: 19	0.451875442321	0.438004246285	0.397558386412	0.452737931282	0.44320763155	0.418445726122
test: 20	0.341374269006	0.308333333333	0.264692982456	0.353288529246	0.331309433965	0.309299275073
train: 20	0.467091295117	0.438853503185	0.395859872611	0.475375014056	0.45382953338	0.42304843103
